4 0.6029411764705882 0.6557017543859649 0.04411764705882353 0.039473684210526314
4 0.2610294117647059 0.8048245614035088 0.051470588235294115 0.039473684210526314
6 0.8970588235294118 0.34868421052631576 0.16176470588235295 0.09210526315789473
6 0.4742647058823529 0.3508771929824561 0.15441176470588236 0.09649122807017543
4 0.4522058823529412 0.6820175438596491 0.11029411764705882 0.05701754385964912
8 0.5 0.5592105263157895 1.0 0.6798245614035088
4 0.6875 0.618421052631579 0.0661764705882353 0.043859649122807015
4 0.6544117647058824 0.6622807017543859 0.058823529411764705 0.043859649122807015
4 0.9522058823529411 0.8289473684210527 0.08088235294117647 0.06140350877192982
4 0.7463235294117647 0.8333333333333334 0.08088235294117647 0.06140350877192982
4 0.6507352941176471 0.8289473684210527 0.09558823529411764 0.05263157894736842
4 0.6617647058823529 0.7478070175438597 0.10294117647058823 0.06578947368421052
4 0.6654411764705882 0.30043859649122806 0.051470588235294115 0.039473684210526314
4 0.6911764705882353 0.3530701754385965 0.04411764705882353 0.039473684210526314
4 0.7647058823529411 0.3684210526315789 0.058823529411764705 0.03508771929824561
4 0.7720588235294118 0.4057017543859649 0.058823529411764705 0.03070175438596491
4 0.25735294117647056 0.7653508771929824 0.07352941176470588 0.03070175438596491
4 0.6727941176470589 0.4407894736842105 0.09558823529411764 0.06578947368421052
4 0.7205882352941176 0.5592105263157895 0.07352941176470588 0.06578947368421052
4 0.7610294117647058 0.6118421052631579 0.09558823529411764 0.05701754385964912
4 0.7573529411764706 0.32456140350877194 0.058823529411764705 0.03508771929824561
