1 0.7098765432098766 0.3450413223140496 0.06172839506172839 0.045454545454545456
1 0.33641975308641975 0.30578512396694213 0.09259259259259259 0.06611570247933884
1 0.35802469135802467 0.6776859504132231 0.09876543209876543 0.06611570247933884
1 0.33024691358024694 0.44214876033057854 0.06790123456790123 0.05785123966942149
1 0.3333333333333333 0.5392561983471075 0.09876543209876543 0.08677685950413223
1 0.5061728395061729 0.6322314049586777 0.19753086419753085 0.19008264462809918
1 0.48148148148148145 0.47107438016528924 0.1111111111111111 0.05785123966942149
1 0.4104938271604938 0.3450413223140496 0.09259259259259259 0.05371900826446281
1 0.39814814814814814 0.640495867768595 0.05555555555555555 0.03305785123966942
1 0.6697530864197531 0.26859504132231404 0.08024691358024691 0.049586776859504134
1 0.6358024691358025 0.40702479338842973 0.07407407407407407 0.05371900826446281
1 0.595679012345679 0.4834710743801653 0.09259259259259259 0.06611570247933884
