1 0.2445054945054945 0.40441176470588236 0.027472527472527472 0.06372549019607843
1 0.2815934065934066 0.3088235294117647 0.019230769230769232 0.049019607843137254
0 0.49725274725274726 0.4950980392156863 0.7967032967032966 0.5784313725490197
1 0.41620879120879123 0.3088235294117647 0.024725274725274724 0.049019607843137254
1 0.5618131868131868 0.5073529411764706 0.04120879120879121 0.09313725490196079
1 0.5824175824175825 0.6372549019607843 0.06043956043956044 0.08823529411764706
1 0.3804945054945055 0.6397058823529411 0.024725274725274724 0.04411764705882353
1 0.24175824175824176 0.39705882352941174 0.016483516483516484 0.0392156862745098
1 0.25686813186813184 0.47549019607843135 0.019230769230769232 0.049019607843137254
1 0.35714285714285715 0.6740196078431373 0.02197802197802198 0.04411764705882353
1 0.3241758241758242 0.49019607843137253 0.038461538461538464 0.058823529411764705
1 0.3695054945054945 0.36519607843137253 0.03021978021978022 0.06372549019607843
1 0.24862637362637363 0.5759803921568627 0.019230769230769232 0.04411764705882353
1 0.38186813186813184 0.3799019607843137 0.04945054945054945 0.06372549019607843
1 0.2802197802197802 0.33578431372549017 0.027472527472527472 0.07352941176470588
1 0.3585164835164835 0.553921568627451 0.024725274725274724 0.0392156862745098
1 0.28296703296703296 0.5857843137254902 0.016483516483516484 0.04411764705882353
1 0.27472527472527475 0.35294117647058826 0.02197802197802198 0.049019607843137254
1 0.36675824175824173 0.6568627450980392 0.03571428571428571 0.058823529411764705
1 0.7239010989010989 0.6323529411764706 0.03571428571428571 0.0784313725490196
1 0.3983516483516483 0.3946078431372549 0.03296703296703297 0.05392156862745098
1 0.5508241758241759 0.4166666666666667 0.03021978021978022 0.06862745098039216
1 0.2541208791208791 0.375 0.03021978021978022 0.05392156862745098
1 0.2857142857142857 0.7132352941176471 0.027472527472527472 0.05392156862745098
1 0.6456043956043956 0.2916666666666667 0.027472527472527472 0.04411764705882353
1 0.3434065934065934 0.6470588235294118 0.03296703296703297 0.058823529411764705
1 0.28708791208791207 0.6838235294117647 0.024725274725274724 0.09313725490196079
1 0.28434065934065933 0.6985294117647058 0.019230769230769232 0.05392156862745098
1 0.3241758241758242 0.6200980392156863 0.02197802197802198 0.05392156862745098
