1 0.7376543209876543 0.30165289256198347 0.043209876543209874 0.04132231404958678
1 0.37962962962962965 0.6818181818181818 0.10493827160493827 0.05785123966942149
1 0.6944444444444444 0.25826446280991733 0.05555555555555555 0.045454545454545456
1 0.7191358024691358 0.45041322314049587 0.05555555555555555 0.04132231404958678
1 0.4506172839506173 0.25206611570247933 0.1111111111111111 0.05785123966942149
1 0.3271604938271605 0.384297520661157 0.1111111111111111 0.1487603305785124
1 0.6944444444444444 0.36363636363636365 0.05555555555555555 0.04132231404958678
1 0.5185185185185185 0.6962809917355371 0.12345679012345678 0.09504132231404959
1 0.36419753086419754 0.6177685950413223 0.14814814814814814 0.06198347107438017
1 0.41975308641975306 0.36363636363636365 0.1111111111111111 0.09090909090909091
1 0.44135802469135804 0.5640495867768595 0.08024691358024691 0.06198347107438017
1 0.5370370370370371 0.3739669421487603 0.07407407407407407 0.05371900826446281
1 0.691358024691358 0.6590909090909091 0.037037037037037035 0.028925619834710745
1 0.6080246913580247 0.5020661157024794 0.11728395061728394 0.028925619834710745
1 0.3148148148148148 0.7128099173553719 0.04938271604938271 0.0371900826446281
1 0.5370370370370371 0.45041322314049587 0.06172839506172839 0.03305785123966942
1 0.6666666666666666 0.5640495867768595 0.04938271604938271 0.028925619834710745
1 0.7129629629629629 0.3202479338842975 0.09259259259259259 0.05371900826446281
1 0.6975308641975309 0.33884297520661155 0.08641975308641975 0.05785123966942149
