1 0.37962962962962965 0.3760330578512397 0.15432098765432098 0.12396694214876033
1 0.6728395061728395 0.5599173553719008 0.04938271604938271 0.028925619834710745
1 0.7098765432098766 0.3202479338842975 0.08641975308641975 0.045454545454545456
1 0.7006172839506173 0.3367768595041322 0.08024691358024691 0.05371900826446281
1 0.4228395061728395 0.359504132231405 0.10493827160493827 0.09090909090909091
1 0.44753086419753085 0.5640495867768595 0.08024691358024691 0.06198347107438017
1 0.6975308641975309 0.6549586776859504 0.037037037037037035 0.028925619834710745
1 0.7438271604938271 0.30165289256198347 0.043209876543209874 0.04132231404958678
1 0.7253086419753086 0.4462809917355372 0.05555555555555555 0.04132231404958678
1 0.6141975308641975 0.5 0.10493827160493827 0.03305785123966942
1 0.3148148148148148 0.7086776859504132 0.04938271604938271 0.0371900826446281
1 0.5432098765432098 0.45041322314049587 0.06172839506172839 0.03305785123966942
1 0.6975308641975309 0.256198347107438 0.06172839506172839 0.04132231404958678
1 0.38271604938271603 0.6797520661157025 0.1111111111111111 0.05371900826446281
1 0.33024691358024694 0.384297520661157 0.11728395061728394 0.1487603305785124
1 0.4537037037037037 0.25 0.10493827160493827 0.05371900826446281
1 0.36728395061728397 0.6157024793388429 0.15432098765432098 0.05785123966942149
1 0.5216049382716049 0.6962809917355371 0.11728395061728394 0.09504132231404959
1 0.5432098765432098 0.3739669421487603 0.07407407407407407 0.05371900826446281
1 0.6944444444444444 0.36363636363636365 0.05555555555555555 0.04132231404958678
