1 0.49313186813186816 0.43137254901960786 0.03021978021978022 0.058823529411764705
0 0.49175824175824173 0.47549019607843135 0.8021978021978022 0.5784313725490197
1 0.5178571428571429 0.3480392156862745 0.024725274725274724 0.049019607843137254
1 0.39697802197802196 0.3480392156862745 0.024725274725274724 0.0392156862745098
1 0.43543956043956045 0.4730392156862745 0.03571428571428571 0.06372549019607843
1 0.42994505494505497 0.44362745098039214 0.03021978021978022 0.07352941176470588
1 0.24862637362637363 0.44607843137254904 0.03021978021978022 0.058823529411764705
1 0.42994505494505497 0.41911764705882354 0.024725274725274724 0.05392156862745098
1 0.39697802197802196 0.2818627450980392 0.024725274725274724 0.04411764705882353
1 0.2967032967032967 0.44607843137254904 0.038461538461538464 0.0784313725490196
