1 0.5351239669421488 0.30246913580246915 0.02066115702479339 0.04938271604938271
1 0.29545454545454547 0.6635802469135802 0.07024793388429752 0.08024691358024691
1 0.390495867768595 0.4012345679012346 0.11983471074380166 0.16049382716049382
1 0.4896694214876033 0.345679012345679 0.07024793388429752 0.09876543209876543
1 0.6983471074380165 0.2932098765432099 0.049586776859504134 0.06790123456790123
1 0.5206611570247934 0.46296296296296297 0.049586776859504134 0.07407407407407407
1 0.5144628099173554 0.5802469135802469 0.045454545454545456 0.04938271604938271
1 0.45661157024793386 0.5709876543209876 0.06198347107438017 0.10493827160493827
1 0.27479338842975204 0.3549382716049383 0.045454545454545456 0.10493827160493827
1 0.7024793388429752 0.5709876543209876 0.06611570247933884 0.11728395061728394
1 0.3285123966942149 0.5246913580246914 0.028925619834710745 0.06172839506172839
1 0.39462809917355374 0.6049382716049383 0.028925619834710745 0.07407407407407407
1 0.2830578512396694 0.5061728395061729 0.045454545454545456 0.1111111111111111
1 0.609504132231405 0.4876543209876543 0.11983471074380166 0.4567901234567901
