1 0.6859504132231405 0.7283950617283951 0.024793388429752067 0.04938271604938271
1 0.25826446280991733 0.4567901234567901 0.05371900826446281 0.07407407407407407
1 0.49586776859504134 0.691358024691358 0.10743801652892562 0.07407407407407407
1 0.4380165289256198 0.38580246913580246 0.09917355371900827 0.10493827160493827
1 0.5991735537190083 0.35802469135802467 0.049586776859504134 0.09876543209876543
1 0.5392561983471075 0.5987654320987654 0.06198347107438017 0.06172839506172839
1 0.3037190082644628 0.3395061728395062 0.07024793388429752 0.09876543209876543
1 0.5909090909090909 0.4691358024691358 0.03305785123966942 0.06172839506172839
1 0.365702479338843 0.3950617283950617 0.028925619834710745 0.06172839506172839
1 0.48140495867768596 0.5679012345679012 0.0371900826446281 0.04938271604938271
1 0.44421487603305787 0.44753086419753085 0.05371900826446281 0.043209876543209874
1 0.5619834710743802 0.5277777777777778 0.05785123966942149 0.10493827160493827
1 0.7417355371900827 0.6604938271604939 0.045454545454545456 0.06172839506172839
1 0.36363636363636365 0.3055555555555556 0.03305785123966942 0.05555555555555555
1 0.6776859504132231 0.691358024691358 0.024793388429752067 0.04938271604938271
1 0.5557851239669421 0.5679012345679012 0.06198347107438017 0.1111111111111111
1 0.512396694214876 0.6944444444444444 0.05785123966942149 0.05555555555555555
1 0.6921487603305785 0.4537037037037037 0.15289256198347106 0.25308641975308643
1 0.5103305785123967 0.3549382716049383 0.10330578512396695 0.1419753086419753
1 0.3305785123966942 0.6512345679012346 0.08264462809917356 0.12962962962962962
