1 0.11274509803921569 0.4083333333333333 0.14705882352941177 0.06111111111111111
1 0.23039215686274508 0.10833333333333334 0.10784313725490197 0.06111111111111111
1 0.31862745098039214 0.28888888888888886 0.06862745098039216 0.044444444444444446
1 0.9264705882352942 0.11388888888888889 0.12745098039215685 0.03888888888888889
1 0.36764705882352944 0.06111111111111111 0.10784313725490197 0.044444444444444446
1 0.28431372549019607 0.4388888888888889 0.09803921568627451 0.06666666666666667
1 0.7254901960784313 0.49722222222222223 0.0784313725490196 0.03888888888888889
1 0.8333333333333334 0.30277777777777776 0.09803921568627451 0.03888888888888889
1 0.8137254901960784 0.08055555555555556 0.0784313725490196 0.05
1 0.6225490196078431 0.05555555555555555 0.12745098039215685 0.044444444444444446
1 0.6225490196078431 0.4111111111111111 0.10784313725490197 0.05555555555555555
1 0.75 0.14722222222222223 0.12745098039215685 0.05
1 0.7009803921568627 0.31666666666666665 0.08823529411764706 0.044444444444444446
1 0.6666666666666666 0.2611111111111111 0.11764705882352941 0.03333333333333333
1 0.6225490196078431 0.10555555555555556 0.10784313725490197 0.05555555555555555
1 0.9509803921568627 0.2361111111111111 0.058823529411764705 0.03888888888888889
1 0.30392156862745096 0.3638888888888889 0.0784313725490196 0.03888888888888889
1 0.8921568627450981 0.4638888888888889 0.058823529411764705 0.03888888888888889
1 0.5294117647058824 0.22777777777777777 0.09803921568627451 0.044444444444444446
1 0.049019607843137254 0.11944444444444445 0.0784313725490196 0.05
1 0.29901960784313725 0.5666666666666667 0.10784313725490197 0.044444444444444446
1 0.45098039215686275 0.4527777777777778 0.11764705882352941 0.05
1 0.8284313725490197 0.4222222222222222 0.06862745098039216 0.03333333333333333
1 0.13725490196078433 0.3388888888888889 0.11764705882352941 0.044444444444444446
1 0.7745098039215687 0.10555555555555556 0.11764705882352941 0.06666666666666667
1 0.06372549019607843 0.5555555555555556 0.08823529411764706 0.05555555555555555
1 0.31862745098039214 0.31666666666666665 0.08823529411764706 0.08888888888888889
1 0.3333333333333333 0.08055555555555556 0.09803921568627451 0.05
1 0.5441176470588235 0.17222222222222222 0.12745098039215685 0.044444444444444446
1 0.7156862745098039 0.019444444444444445 0.11764705882352941 0.027777777777777776
1 0.19607843137254902 0.3972222222222222 0.058823529411764705 0.03888888888888889
1 0.30392156862745096 0.2777777777777778 0.11764705882352941 0.07777777777777778
3 0.5 0.325 1.0 0.65
