1 0.6728395061728395 0.5578512396694215 0.037037037037037035 0.03305785123966942
1 0.38271604938271603 0.6776859504132231 0.1111111111111111 0.05785123966942149
1 0.4567901234567901 0.24793388429752067 0.1111111111111111 0.05785123966942149
1 0.7037037037037037 0.25413223140495866 0.06172839506172839 0.045454545454545456
1 0.36728395061728397 0.6136363636363636 0.15432098765432098 0.06198347107438017
1 0.33024691358024694 0.38016528925619836 0.11728395061728394 0.14049586776859505
1 0.5185185185185185 0.6942148760330579 0.12345679012345678 0.09917355371900827
1 0.7314814814814815 0.44421487603305787 0.043209876543209874 0.0371900826446281
1 0.41975308641975306 0.3574380165289256 0.1111111111111111 0.08677685950413223
1 0.44753086419753085 0.5599173553719008 0.08024691358024691 0.06198347107438017
1 0.5432098765432098 0.371900826446281 0.07407407407407407 0.05785123966942149
1 0.7037037037037037 0.3615702479338843 0.06172839506172839 0.045454545454545456
1 0.3148148148148148 0.7107438016528925 0.04938271604938271 0.03305785123966942
1 0.7006172839506173 0.6528925619834711 0.030864197530864196 0.03305785123966942
1 0.6141975308641975 0.49793388429752067 0.11728395061728394 0.0371900826446281
1 0.7098765432098766 0.34297520661157027 0.08641975308641975 0.06611570247933884
1 0.7438271604938271 0.2975206611570248 0.043209876543209874 0.04132231404958678
1 0.5462962962962963 0.44834710743801653 0.043209876543209874 0.028925619834710745
