0 0.49038461538461536 0.5 0.804945054945055 0.5784313725490197
1 0.6016483516483516 0.7009803921568627 0.03296703296703297 0.049019607843137254
1 0.5521978021978022 0.4215686274509804 0.02197802197802198 0.0392156862745098
1 0.49725274725274726 0.45588235294117646 0.054945054945054944 0.0784313725490196
1 0.2706043956043956 0.34558823529411764 0.04120879120879121 0.10294117647058823
1 0.40384615384615385 0.2769607843137255 0.02197802197802198 0.04411764705882353
1 0.3942307692307692 0.5196078431372549 0.057692307692307696 0.0784313725490196
1 0.4945054945054945 0.5784313725490197 0.027472527472527472 0.049019607843137254
1 0.40796703296703296 0.49264705882352944 0.057692307692307696 0.08333333333333333
1 0.2692307692307692 0.6617647058823529 0.038461538461538464 0.08823529411764706
1 0.5673076923076923 0.41421568627450983 0.03021978021978022 0.04411764705882353
1 0.49862637362637363 0.5 0.057692307692307696 0.09803921568627451
1 0.5892857142857143 0.4019607843137255 0.03021978021978022 0.049019607843137254
1 0.4217032967032967 0.4387254901960784 0.04120879120879121 0.05392156862745098
1 0.7293956043956044 0.32598039215686275 0.03571428571428571 0.07352941176470588
1 0.5947802197802198 0.5416666666666666 0.03571428571428571 0.05392156862745098
1 0.7239010989010989 0.6887254901960784 0.03571428571428571 0.06372549019607843
1 0.7362637362637363 0.5441176470588235 0.027472527472527472 0.0392156862745098
