1 0.3347107438016529 0.6327160493827161 0.05785123966942149 0.10493827160493827
1 0.6652892561983471 0.44135802469135804 0.09917355371900827 0.12962962962962962
1 0.506198347107438 0.5864197530864198 0.07851239669421488 0.08641975308641975
1 0.5723140495867769 0.3487654320987654 0.07851239669421488 0.10493827160493827
1 0.256198347107438 0.5864197530864198 0.05785123966942149 0.08641975308641975
1 0.4731404958677686 0.4166666666666667 0.09504132231404959 0.09259259259259259
1 0.40082644628099173 0.6265432098765432 0.09917355371900827 0.22839506172839505
1 0.27479338842975204 0.7067901234567902 0.05371900826446281 0.08024691358024691
1 0.2644628099173554 0.35185185185185186 0.04132231404958678 0.08641975308641975
1 0.5826446280991735 0.5216049382716049 0.04132231404958678 0.05555555555555555
1 0.30991735537190085 0.49074074074074076 0.0743801652892562 0.08024691358024691
