1 0.49586776859504134 0.2716049382716049 0.05785123966942149 0.1111111111111111
1 0.7004132231404959 0.41975308641975306 0.045454545454545456 0.13580246913580246
1 0.7334710743801653 0.6481481481481481 0.028925619834710745 0.037037037037037035
1 0.6673553719008265 0.7067901234567902 0.028925619834710745 0.043209876543209874
1 0.621900826446281 0.2962962962962963 0.028925619834710745 0.06172839506172839
1 0.6673553719008265 0.32098765432098764 0.06198347107438017 0.06172839506172839
1 0.5991735537190083 0.4166666666666667 0.05785123966942149 0.08024691358024691
1 0.737603305785124 0.36419753086419754 0.05371900826446281 0.12345679012345678
1 0.45041322314049587 0.404320987654321 0.04132231404958678 0.06790123456790123
1 0.2727272727272727 0.4104938271604938 0.04132231404958678 0.043209876543209874
